20
18 30
8 37
10 59
23 100
9 71
14 23
18 86
7 76
19 46
5 76
13 66
5 27
10 32
14 48
10 104
7 51
11 96
12 69
13 101
23 111
23 38
14 116
15 76
18 98
9 40
22 108
6 48
14 47
14 129
11 47
10 27
14 38
10 75
7 99
7 58
12 48
3 10
15 29
23 153
3 34
11 136
22 30
3 134
21 73
6 53
15 30
11 23
13 61
11 48
16 125
19 50
20 103
18 84
4 171
14 87
19 97
9 67
16 53
21 127
9 160
20 191
5 203
21 158
18 214
15 129
10 141
6 88
21 54
15 151
17 124
9 117
4 26
9 131
13 34
21 33
23 215
10 228
5 219
9 18
12 30
3 177
22 72
21 225
23 171
19 77
21 111
19 146
10 91
16 125
16 235
12 53
10 197
22 154
14 135
3 206
11 199
8 151
6 271
5 176
23 283
15 142
7 265
23 269
5 118
3 244
23 76
9 225
23 225
8 287
3 83
5 227
16 77
6 38
13 88
15 81
17 308
10 95
20 260
20 149
14 36
10 110
11 287
16 154
18 289
23 208
15 212
18 28
12 137
11 255
5 97
8 158
6 139
13 127
20 97
12 160
7 150
19 311
4 116
17 210
7 73
20 310
14 309
22 134
15 224
3 216
16 46
14 298
4 178
13 43
16 65
14 44
12 191
22 206
10 263
5 65
10 372
5 112
15 55
18 204
22 62
4 252
13 323
3 251
14 306
11 222
21 69
11 241
19 333
12 398
3 166
3 273
20 200
15 418
10 242
22 80
7 384
15 248
14 353
6 184
10 303
13 261
7 277
4 447
13 216
3 281
5 131
16 275
10 405
13 293
7 345
23 359
16 354
12 304
16 278
14 340
6 404
16 156
6 385
19 240
6 436
9 460
8 416
19 384
21 36
23 266
22 33
4 217
17 467
14 36
6 150
8 85
7 284
17 381
21 499
5 14
17 132
15 260
21 31
22 349
8 283
10 335
4 137
14 31
22 325
20 97
23 398
12 187
11 520
8 52
11 158
16 83
12 105
9 290
21 229
5 557
15 52
5 444
3 362
19 163
18 497
11 493
15 233
17 484
17 244
21 81
3 445
23 127
23 350
4 121
10 316
15 443
20 40
18 474
19 263
21 476
23 286
12 202
23 383
4 183
23 223
11 142
5 196
8 245
9 160
19 289
15 178
3 181
10 324
23 107
14 401
15 346
3 392
8 522
23 176
12 249
7 246
12 214
10 101
6 380
23 526
3 218
21 213
22 96
18 272
21 264
8 412
17 579
12 254
10 133
8 631
5 358
17 210
3 139
4 52
20 247
10 158
14 253
15 397
13 164
22 258
9 133
14 718
21 105
8 132
12 611
18 596
12 568
22 47
18 466
3 598
14 335
13 407
18 375
7 458
20 621
17 247
22 175
3 519
6 59
23 79
8 600
6 381
9 129
3 490
14 476
20 435
17 260
21 760
17 514
20 518
16 55
6 694
12 344
4 575
8 268
8 207
5 763
3 121
23 628
14 218
6 563
21 753
5 611
13 28
18 35
5 460
10 606
4 39
6 216
8 695
22 461
20 168
23 614
7 726
20 214
23 685
16 793
9 621
14 376
5 790
21 703
14 365
15 679
6 574
20 682
14 557
7 257
17 93
22 93
14 611
7 143
6 760
22 611
4 272
13 716
8 587
8 417
4 853
20 196
19 227
9 306
5 366
19 137
12 489
12 880
6 268
14 483
7 306
7 398
12 852
21 696
4 889
4 736
5 456
10 545
23 314
20 91
21 247
6 865
13 311
5 170
12 512
21 598
7 718
19 446
7 646
12 432
3 554
3 511
6 77
10 158
10 175
6 477
10 637
4 487
23 309
6 193
4 602
10 469
3 934
14 871
10 513
12 446
18 507
15 477
19 758
8 673
13 943
4 773
13 608
4 886
8 697
21 468
23 674
15 470
21 621
10 536
9 126
15 413
23 327
18 764
15 373
9 265
3 261
14 82
20 55
19 41
18 866
11 256
12 157
4 784
12 705
23 873
6 269
21 59
13 319
9 562
7 39
13 36
10 405
15 816
18 616
20 786
10 429
22 231
5 184
15 514
11 647
14 925
11 366
18 812
8 582
5 140
3 24
5 84
20 508
21 520
15 231
10 931
8 210
21 941
8 988
23 1012
15 789
13 820
5 634
18 829
3 917
21 34
5 708
9 272
12 711
17 795
12 1021
7 429
13 1081
8 334
3 14
22 124
22 484
10 58
18 595
18 476
23 944
10 136
15 524
18 304
12 361
15 328
11 213
11 408
15 121
5 110
7 572
12 854
9 732
17 236
22 1164
21 1054
13 764
19 1076
10 728
18 1108
9 1124
21 529
21 808
22 1023
15 922
12 135
18 314
4 395
6 1025
5 499
11 220
18 215
10 1088
16 55
15 419
3 939
3 935
8 997
12 1219
9 793
15 1108
4 928
11 307
4 354
11 352
19 455
16 1064
7 106
7 923
3 372
5 586
15 1044
6 26
9 191
5 772
3 1142
5 1087
9 1214
5 177
7 724
6 1022
11 976
14 767
10 401
17 1042
6 344
14 1013
4 722
18 1121
15 791
10 586
18 725
12 1141
21 804
18 359
4 1155
5 447
23 648
16 1089
17 885
13 612
16 1024
3 632
20 289
3 102
21 901
6 176
12 747
11 871
22 805
11 960
16 1018
8 95
4 1197
12 914
22 1226
18 1150
6 338
6 976
4 1073
16 55
6 411
14 50
12 264
4 1254
8 1079
4 255
14 1249
14 797
15 35
14 1061
4 675
4 272
9 706
7 969
4 755
5 1345
17 981
4 40
9 858
23 648
9 174
3 898
23 703
4 991
21 1130
9 817
9 941
9 649
14 357
22 1065
21 622
19 502
6 641
16 1101
3 121
16 550
15 1222
18 1385
17 1179
20 1184
10 252
7 163
4 1322
7 871
12 599
14 163
13 794
7 100
8 229
11 153
8 1314
22 356
20 187
4 658
19 1236
23 720
11 241
14 1459
9 534
3 1102
18 1048
4 763
12 378
14 106
4 974
7 1467
10 407
6 1424
12 582
13 931
11 1137
6 757
9 61
10 476
14 1163
9 449
18 101
22 1435
7 171
20 1073
12 1087
23 1485
19 842
8 1138
19 635
8 1119
10 1357
11 737
22 552
3 32
20 822
16 989
13 925
20 188
6 20
20 1157
19 1144
15 1291
21 160
3 346
10 287
13 694
13 1213
17 317
18 458
12 882
8 340
21 552
9 825
5 755
11 970
19 239
5 1281
19 168
3 17
12 423
9 1257
16 1474
8 1199
15 937
11 767
20 1546
21 234
7 1552
11 752
8 361
18 962
5 923
6 1099
13 1255
12 475
22 1502
17 267
4 1009
13 1075
18 479
18 877
5 1568
19 1475
11 188
19 697
16 163
22 631
8 272
21 583
13 489
4 1511
21 732
11 933
18 577
6 289
12 129
18 892
17 626
10 399
7 1288
11 136
23 281
13 1357
17 875
22 425
23 1342
13 1413
23 1288
18 589
10 1510
6 395
9 841
7 1167
21 171
7 1689
14 792
3 749
11 1454
18 1097
13 388
7 1050
10 1277
19 1351
15 340
13 633
21 1448
12 463
9 562
18 445
6 1128
17 1699
18 598
6 512
16 679
12 445
19 378
22 477
9 1152
23 1004
14 970
16 1271
21 784
6 1092
8 1552
3 1584
20 968
22 1496
15 1546
3 125
12 1650
8 1017
9 1774
7 1565
23 1727
22 684
9 1115
17 1520
3 1066
18 929
13 1069
6 334
19 678
17 1684
23 1416
4 1209
22 1355
3 1346
8 1519
17 1594
23 51
13 972
21 1378
14 727
12 586
3 628
17 598
22 476
11 1614
16 648
13 402
21 1411
20 124
3 1199
8 1116
23 558
9 767
13 1440
3 1276
3 1171
22 188
7 1558
16 59
7 527
19 1843
21 1149
10 1332
11 1231
15 1273
9 920
10 1349
3 778
21 323
17 1316
4 1882
7 1511
19 626
16 677
3 1189
19 1216
7 1447
10 308
13 1025
23 871
4 839
17 602
15 1727
3 1306
11 1116
13 301
6 741
16 570
4 442
5 1010
22 1600
15 196
14 443
15 581
19 1243
18 837
8 253
6 834
13 733
8 618
11 843
21 1722
11 785
13 39
12 543
12 1051
18 1367
3 49
12 959
6 773
3 1019
6 1897
20 880
20 1690
19 855
21 1494
3 851
13 461
18 850
23 1788
3 1658
13 456
14 974
6 571
14 841
5 1911
10 454
17 32
23 1257
23 558
16 1218
20 855
19 707
21 1105
23 1826
20 314
5 525
14 836
7 54
19 1253
21 1010
20 1818
18 412
18 768
21 1247
23 483
6 1405
7 604
10 1403
8 822
14 1869
18 744
21 428
3 193
19 855
20 1497
13 1958
7 2033
16 259
14 520
11 1521
20 586
15 109
8 1991
13 1549
14 1702
13 1074
10 1104
5 119
7 233
11 1630
6 1782
13 1258
16 1528
16 1320
17 1752
9 123
8 986
16 270
18 1431
6 121
19 1804
5 1051
9 288
13 1360
19 73
11 1472
16 561
10 302
6 1251
4 1675
22 154
23 1512
20 1870
8 1729
6 2050
13 1801
13 247
20 552
4 512
5 633
9 891
11 1476
19 1134
11 1062
10 349
16 1665
