10
20 49
19 91
19 96
6 67
7 26
21 32
18 73
22 30
20 68
17 45
15 83
18 101
10 52
16 23
12 87
19 70
7 93
3 68
12 38
5 59
6 65
23 39
14 48
13 76
22 98
23 77
11 60
21 57
5 100
9 106
8 32
12 118
4 33
20 84
15 77
21 133
15 35
6 19
16 69
16 136
13 47
20 158
18 130
7 122
18 120
7 77
3 158
3 8
17 78
10 122
20 30
22 34
20 108
20 200
9 54
4 56
4 113
21 73
21 131
3 166
13 34
16 204
13 179
5 167
14 151
14 131
13 53
16 159
15 67
9 119
10 43
4 219
13 32
19 179
23 247
17 192
5 44
5 121
16 43
18 210
6 144
12 213
14 81
3 15
16 126
9 201
17 60
5 163
11 154
6 84
10 18
23 205
5 69
23 259
5 50
14 204
12 161
5 186
16 22
11 24
21 59
18 172
16 288
19 204
11 127
6 262
9 193
12 257
3 84
20 61
12 191
23 311
10 256
9 235
12 189
19 128
15 228
4 94
16 146
11 290
16 40
17 107
22 314
4 39
13 173
3 99
22 120
21 175
14 297
9 338
18 162
15 335
10 267
15 292
5 145
13 239
5 175
23 146
17 148
20 48
12 268
13 336
11 49
12 205
8 278
18 49
9 151
8 241
21 128
20 255
14 34
8 211
21 169
17 91
8 389
7 98
21 187
4 371
16 401
15 247
7 221
6 364
11 186
17 98
18 149
11 50
7 90
3 107
20 115
10 263
10 359
21 148
11 256
16 390
3 282
7 434
16 75
6 240
6 33
3 228
4 112
21 337
22 67
11 337
20 111
22 274
18 429
15 39
14 216
15 83
8 413
11 252
3 269
21 200
14 76
16 154
13 223
21 493
22 368
14 118
