5
6 32
19 63
16 29
9 83
3 17
16 32
9 58
23 87
18 30
3 59
7 56
18 35
5 44
12 56
11 72
23 62
12 36
12 67
23 56
13 63
10 25
22 79
11 75
21 39
8 29
23 31
10 86
12 21
22 33
5 91
4 68
14 105
17 99
11 95
6 81
18 62
10 23
6 99
13 36
11 88
21 81
13 65
11 39
7 44
22 120
19 124
8 58
15 56
4 18
21 116
23 51
11 81
10 63
7 111
12 63
11 50
6 119
23 118
4 80
16 94
5 102
3 37
4 94
13 36
19 138
21 126
8 118
15 80
9 128
20 59
10 113
4 106
11 46
22 127
12 70
8 47
7 89
10 49
15 47
6 49
9 32
12 131
21 109
15 137
22 105
9 111
19 45
18 29
5 78
9 96
5 83
3 97
18 63
18 75
7 24
21 132
23 53
20 156
7 52
9 136
5 151
18 38
23 70
19 41
4 16
11 141
17 91
4 173
6 77
19 143
12 88
7 14
11 78
22 128
11 61
7 123
18 189
4 112
5 140
5 54
18 140
14 147
17 111
6 157
9 78
4 178
10 170
9 93
11 135
3 198
17 148
5 38
3 100
13 163
6 82
4 180
19 189
13 147
18 169
14 137
11 71
7 199
18 84
4 145
9 206
21 168
3 112
22 138
17 136
20 169
13 68
10 164
7 166
11 31
20 71
6 15
8 160
21 140
15 205
8 96
20 153
18 225
4 225
13 201
9 240
15 96
16 132
4 158
14 109
15 236
21 178
13 56
16 41
10 139
17 250
18 230
11 61
5 200
11 84
10 77
5 236
17 197
17 191
18 138
17 38
11 196
7 221
19 132
18 46
11 176
15 241
5 249
6 117
7 104
3 215
12 96
11 76
4 230
4 27
17 194
